Data Set 1:Wavelength(nm),Data Set 1:Intensity,Data Set 2:Wavelength(nm),Data Set 2:Intensity,Data Set 3:Wavelength(nm),Data Set 3:Intensity
380.10000000000002,0.016155743750158953,380.10000000000002,0.014861778693319089,380.10000000000002,0.015195951272856745
380.89999999999998,0.015962886667853483,380.89999999999998,0.01477785407288726,380.89999999999998,0.015391351525478332
381.60000000000002,0.015990861541330753,381.60000000000002,0.014770224561938912,381.60000000000002,0.015542246297567883
382.39999999999998,0.01538813017641125,382.39999999999998,0.014944855590312216,382.39999999999998,0.01612717547027458
383.10000000000002,0.01526181938404415,383.10000000000002,0.015113552554614581,383.10000000000002,0.016039859956087928
383.89999999999998,0.014969354797690803,383.89999999999998,0.015627272958470027,383.89999999999998,0.016045794020158863
384.60000000000002,0.015476293414036607,384.60000000000002,0.015665420513211768,384.60000000000002,0.015804192840127837
385.39999999999998,0.015539024948500801,385.39999999999998,0.015667963683527884,385.39999999999998,0.015808431457321366
386.10000000000002,0.016010359180420982,386.10000000000002,0.015192390834414178,386.10000000000002,0.015363376652001054
386.89999999999998,0.015962038944414777,386.89999999999998,0.015169502301569134,386.89999999999998,0.015554962149148465
387.60000000000002,0.016166340293142765,387.60000000000002,0.014790569924467839,387.60000000000002,0.015654145791476989
388.39999999999998,0.016002729669472634,388.39999999999998,0.015249188304807438,388.39999999999998,0.015908462823088595
389.10000000000002,0.015653467612726027,389.10000000000002,0.014979612251299136,389.10000000000002,0.015838949501114759
389.89999999999998,0.015758585319125492,389.89999999999998,0.01568152725854717,389.89999999999998,0.01570670464467672
390.60000000000002,0.015483922924984954,390.60000000000002,0.015235624729788153,390.60000000000002,0.015393894695794446
391.39999999999998,0.015917957325602097,391.39999999999998,0.015469596398870829,391.39999999999998,0.015254868051846769
392.10000000000002,0.015584802014190892,392.10000000000002,0.014792265371345252,392.10000000000002,0.015064130278138063
392.89999999999998,0.015634817697074505,392.89999999999998,0.01477954951976467,392.89999999999998,0.015232827242440428
393.60000000000002,0.014964268457058571,393.60000000000002,0.014437069250527707,393.60000000000002,0.015494773785000384
394.39999999999998,0.014975288861761738,394.39999999999998,0.014791417647906544,394.39999999999998,0.015841492671430875
395.10000000000002,0.015081254291599908,395.10000000000002,0.015149156939040205,395.10000000000002,0.015977128421623733
395.89999999999998,0.015555131693836205,395.89999999999998,0.01522121343133016,395.89999999999998,0.015621084577367482
396.60000000000002,0.015834032705170267,396.60000000000002,0.015304290328323287,396.60000000000002,0.015755024880682929
397.39999999999998,0.015867941642718483,397.39999999999998,0.014637131982062172,397.39999999999998,0.015329467714452838
398.10000000000002,0.016210421911955444,398.10000000000002,0.014940616973118688,398.10000000000002,0.015842340394869578
398.89999999999998,0.016162949399387946,398.89999999999998,0.014919423887151052,398.89999999999998,0.015467646634961812
399.60000000000002,0.016671583462611158,399.60000000000002,0.015350915117452079,399.60000000000002,0.015902528759017657
400.39999999999998,0.016537643159295717,400.39999999999998,0.015347524223697258,400.39999999999998,0.015561743936658106
401.10000000000002,0.016836889533158705,401.10000000000002,0.015424667056619448,401.10000000000002,0.015606673278909489
401.89999999999998,0.016389291557522275,401.89999999999998,0.015275467731407304,401.89999999999998,0.0155608962132194
402.60000000000002,0.016615633715656608,402.60000000000002,0.015212736196943109,402.60000000000002,0.015814365521392301
403.39999999999998,0.016012054627298392,403.39999999999998,0.015348371947135963,403.39999999999998,0.015957630782533511
404.10000000000002,0.01641218009036732,404.10000000000002,0.015333960648677975,404.10000000000002,0.01604494629672016
404.89999999999998,0.016257894424522943,404.89999999999998,0.015705263514830918,404.89999999999998,0.016387426565957122
405.60000000000002,0.016693624272017496,405.60000000000002,0.015679831811669761,405.60000000000002,0.015991539720081722
406.39999999999998,0.016613938268779195,406.39999999999998,0.015913803480752439,406.39999999999998,0.015837254054237346
407.10000000000002,0.016490170646728211,407.10000000000002,0.01540432169409052,407.10000000000002,0.015224350008053372
407.89999999999998,0.016561379415579464,407.89999999999998,0.014969439570034672,407.89999999999998,0.016161932131261502
408.60000000000002,0.016375727982502988,408.60000000000002,0.014925357951221992,408.60000000000002,0.016484914761408242
409.39999999999998,0.016347753109025715,409.39999999999998,0.01494570331375092,409.39999999999998,0.016620550511601096
410.10000000000002,0.016247721743258479,410.10000000000002,0.014984698591931364,410.10000000000002,0.016328933648686456
410.89999999999998,0.015903546027144104,410.89999999999998,0.015424667056619448,410.89999999999998,0.015853360799572749
411.60000000000002,0.015961191220976067,411.60000000000002,0.01576799504929512,411.60000000000002,0.016055118977984621
412.39999999999998,0.016082415672710931,412.39999999999998,0.016283410900027974,412.39999999999998,0.01581860413858583
413.10000000000002,0.01621466052914897,413.10000000000002,0.01585107194628824,413.10000000000002,0.015649059450844757
413.89999999999998,0.016139213143104195,413.89999999999998,0.015511982570806097,413.89999999999998,0.015630409535193238
414.60000000000002,0.016062070310182006,414.60000000000002,0.01583835609470766,414.60000000000002,0.015517662317845429
415.39999999999998,0.016308757830845264,415.39999999999998,0.015711197578901857,415.39999999999998,0.015995778337275252
416.10000000000002,0.016691928825140083,416.10000000000002,0.016059611912209757,416.10000000000002,0.016046641743597569
416.89999999999998,0.016992022922441785,416.89999999999998,0.015274620007968601,416.89999999999998,0.016774836177445469
417.60000000000002,0.016825021405016828,417.60000000000002,0.016007900782448729,417.60000000000002,0.016789247475903463
418.39999999999998,0.016835194086281292,418.39999999999998,0.016119800276357836,418.39999999999998,0.016979985249612171
419.10000000000002,0.016685994761069148,419.10000000000002,0.016666581894322793,419.10000000000002,0.016658698066342837
419.89999999999998,0.016669888015733745,419.89999999999998,0.016529250697252525,419.89999999999998,0.016740927239897258
420.60000000000002,0.016411332366928613,420.60000000000002,0.016502971270652662,420.60000000000002,0.016718886430490919
421.39999999999998,0.015910327814653746,421.39999999999998,0.016138450192009355,421.39999999999998,0.016360299415918551
422.10000000000002,0.016639369971940352,422.10000000000002,0.016228308876512124,422.10000000000002,0.016717190983613506
422.89999999999998,0.016757203529920401,422.89999999999998,0.016205420343667079,422.89999999999998,0.016782465688393824
423.60000000000002,0.017316700999465938,423.60000000000002,0.016713206683451592,423.60000000000002,0.017323313242287839
424.39999999999998,0.016701253782965844,424.39999999999998,0.016684384086535605,424.39999999999998,0.017100361977908329
425.10000000000002,0.016783482956520268,425.10000000000002,0.016731856599103104,425.10000000000002,0.017344506328255471
425.89999999999998,0.016924205047345355,425.89999999999998,0.016784415452302838,425.89999999999998,0.017324160965726542
426.60000000000002,0.017324330510414286,426.60000000000002,0.017077727762094892,426.60000000000002,0.017525919144138417
427.39999999999998,0.017237862719666337,427.39999999999998,0.017262531471732661,427.39999999999998,0.017349592668887703
428.10000000000002,0.016976763900545089,428.10000000000002,0.01745072607512525,428.10000000000002,0.017632732297415295
428.89999999999998,0.016821630511262002,428.89999999999998,0.017276095046751948,428.89999999999998,0.01761153921144766
429.60000000000002,0.017332807744801334,429.60000000000002,0.017507523545518509,429.60000000000002,0.018032857760484224
430.39999999999998,0.017811771487669863,430.39999999999998,0.017760145130252706,430.39999999999998,0.017753956749150156
431.10000000000002,0.018632367776336648,431.10000000000002,0.017876283241355338,431.10000000000002,0.017714113747531006
431.89999999999998,0.018761221739019861,431.89999999999998,0.018444257945287926,431.89999999999998,0.017269058942210695
432.60000000000002,0.019237642311572274,432.60000000000002,0.018237413426243819,432.60000000000002,0.018037944101116452
433.39999999999998,0.019220687842798165,433.39999999999998,0.019028339394555917,433.39999999999998,0.018360079007824489
434.10000000000002,0.019293592058526828,434.10000000000002,0.018557852886074443,434.10000000000002,0.01864830497698431
434.89999999999998,0.019146088180192092,434.89999999999998,0.019302154065257746,434.89999999999998,0.019016216949382436
435.60000000000002,0.019177453947424192,435.60000000000002,0.018766392851995967,435.60000000000002,0.019214584234039489
436.39999999999998,0.019746276374795483,436.39999999999998,0.019344540237193016,436.39999999999998,0.019820706492713818
437.10000000000002,0.019808160185820978,437.10000000000002,0.018802844959860298,437.10000000000002,0.019431601434348057
437.89999999999998,0.019748819545111602,437.89999999999998,0.019218229444825916,437.89999999999998,0.019776624873901139
438.60000000000002,0.019482634385358123,438.60000000000002,0.019531887117146901,438.60000000000002,0.019765604469197975
439.39999999999998,0.019510609258835396,439.39999999999998,0.019880301450454805,439.39999999999998,0.020444630943600963
440.10000000000002,0.020004832023600622,440.10000000000002,0.020555089307664268,440.10000000000002,0.020845604130108594
440.89999999999998,0.020432932360146826,440.89999999999998,0.020515246306045114,440.89999999999998,0.021279638530725738
441.60000000000002,0.021087374854827368,441.60000000000002,0.021378228766647165,441.60000000000002,0.021556844095182388
442.39999999999998,0.021234031009723389,442.39999999999998,0.02092300128006239,442.39999999999998,0.021676373100039843
443.10000000000002,0.021178081262768839,443.10000000000002,0.021728338546832478,443.10000000000002,0.021799292998652121
443.89999999999998,0.021276417181658659,443.89999999999998,0.022231038545984759,443.89999999999998,0.021688241228181724
444.60000000000002,0.02156633859769589,444.60000000000002,0.023205072777057214,444.60000000000002,0.022352008680688016
445.39999999999998,0.021997829827996914,445.39999999999998,0.023235590820850607,445.39999999999998,0.022661427735815469
446.10000000000002,0.022547154616277983,446.10000000000002,0.02341700363673355,446.10000000000002,0.023443876469740509
446.89999999999998,0.023238896942261555,446.89999999999998,0.023728965862177119,446.89999999999998,0.023729559268584218
447.60000000000002,0.023760246857065351,447.60000000000002,0.023968871595330739,447.60000000000002,0.024516246619702791
448.39999999999998,0.024193433534243788,448.39999999999998,0.024051948492323862,448.39999999999998,0.024868051846765517
449.10000000000002,0.024529132015971108,449.10000000000002,0.024404601442825295,449.10000000000002,0.025991285403050114
449.89999999999998,0.024791926281969773,449.89999999999998,0.0248335495028102,449.89999999999998,0.026065037342217479
450.60000000000002,0.02502589795105245,450.60000000000002,0.025375244780142924,450.60000000000002,0.026481269550621807
451.39999999999998,0.02477581953663437,451.39999999999998,0.025104821003195919,451.39999999999998,0.025896340377915109
452.10000000000002,0.025395505370327986,452.10000000000002,0.025290472436272395,452.10000000000002,0.026276120478455109
452.89999999999998,0.025441282436018078,452.89999999999998,0.025829624543289,452.89999999999998,0.026649118791485467
453.60000000000002,0.025943982435170352,453.60000000000002,0.027014741910599088,453.60000000000002,0.027232352517314755
454.39999999999998,0.025916855285131785,454.39999999999998,0.027775149835117793,454.39999999999998,0.027529055720861628
455.10000000000002,0.026285614980968611,455.10000000000002,0.027514898739435245,455.10000000000002,0.027402744928494531
455.89999999999998,0.026504327628154589,455.89999999999998,0.027688682044369844,455.89999999999998,0.027560421488093727
456.60000000000002,0.026432271135864639,456.60000000000002,0.027221586429643192,456.60000000000002,0.027428176631655692
457.39999999999998,0.026469570967167674,457.39999999999998,0.027210566024940021,457.39999999999998,0.02732475437213364
458.10000000000002,0.026394971304561601,458.10000000000002,0.026740079516458546,458.10000000000002,0.02669065723998203
458.89999999999998,0.026629790697082985,458.89999999999998,0.026672261641362119,458.89999999999998,0.026795774946381492
459.60000000000002,0.02621779710587218,459.60000000000002,0.026552732636504664,459.60000000000002,0.026364283716080468
460.39999999999998,0.026000779905563615,460.39999999999998,0.02571602960250248,460.39999999999998,0.026578757746072927
461.10000000000002,0.025955002839873526,461.10000000000002,0.025592261980451496,461.10000000000002,0.025886167696650645
461.89999999999998,0.025602349889372093,461.89999999999998,0.024928494527945204,461.89999999999998,0.026126073429804265
462.60000000000002,0.025332773835863787,462.60000000000002,0.0251972228580148,462.60000000000002,0.025483499063265601
463.39999999999998,0.024769037749124728,463.39999999999998,0.024281681544213014,463.39999999999998,0.025156277815925335
464.10000000000002,0.025149665573103431,464.10000000000002,0.024724193179217212,464.10000000000002,0.025013012554784129
464.89999999999998,0.024993684460381645,464.89999999999998,0.02420199554097471,464.89999999999998,0.02501131710790672
465.60000000000002,0.02484702830548562,465.60000000000002,0.024541084916456856,465.60000000000002,0.025491976297652656
466.39999999999998,0.024134940616973119,466.39999999999998,0.024084161982994661,466.39999999999998,0.024874833634275156
467.10000000000002,0.024090011274721736,467.10000000000002,0.024137568559633098,467.10000000000002,0.024954519637513457
467.89999999999998,0.024071361359070217,467.89999999999998,0.024153675304968501,467.89999999999998,0.024365351847613237
468.60000000000002,0.023973873163619101,468.60000000000002,0.023952764849995336,468.60000000000002,0.024636623347998952
469.39999999999998,0.023357578223680307,469.39999999999998,0.023742529437196406,469.39999999999998,0.023954205979841141
470.10000000000002,0.022936259674643744,470.10000000000002,0.023349185761637123,470.10000000000002,0.023949119639208906
470.89999999999998,0.023349948712731959,470.89999999999998,0.023371226571043461,470.89999999999998,0.023253138696031805
471.60000000000002,0.023367750904944775,471.60000000000002,0.023468714766494578,471.60000000000002,0.023633766520010511
472.39999999999998,0.023042225104481916,472.39999999999998,0.023432262658630246,472.39999999999998,0.023520171579223995
473.10000000000002,0.022709917516509415,473.10000000000002,0.02348651695870739,473.10000000000002,0.023588837177759128
473.89999999999998,0.022906589354289058,473.89999999999998,0.023041462153387076,473.89999999999998,0.023240422844451228
474.60000000000002,0.022984579910649949,474.60000000000002,0.023159295711367125,474.60000000000002,0.023171757245916094
475.39999999999998,0.022686181260225667,475.39999999999998,0.022479421513525426,475.39999999999998,0.023173452692793507
476.10000000000002,0.022559022744419864,476.10000000000002,0.022349719827403507,476.10000000000002,0.023180234480303149
476.89999999999998,0.022859964565160262,476.89999999999998,0.022358197061790559,476.89999999999998,0.023159041394335517
477.60000000000002,0.022771801327534907,477.60000000000002,0.022317506336732702,477.60000000000002,0.023557471410527036
478.39999999999998,0.022961691377804905,478.39999999999998,0.02267355018098895,478.39999999999998,0.023443876469740509
479.10000000000002,0.022525961530310352,479.10000000000002,0.021892796893941319,479.10000000000002,0.023630375626255692
479.89999999999998,0.022999838932546646,479.89999999999998,0.022049625730101809,479.89999999999998,0.023170909522477388
480.60000000000002,0.02249290031620084,480.60000000000002,0.021634241245136188,480.60000000000002,0.023214143417851364
481.39999999999998,0.023094783957681646,481.39999999999998,0.022080991497333911,481.39999999999998,0.022814017954782433
482.10000000000002,0.022607342980426066,482.10000000000002,0.022132702627094932,482.10000000000002,0.022240956910217612
482.89999999999998,0.022952366419979147,482.89999999999998,0.022568432474589489,482.89999999999998,0.022315556572823681
483.60000000000002,0.022298771648737319,483.60000000000002,0.022608275476208639,483.60000000000002,0.022402024363571631
484.39999999999998,0.022914218865237406,484.39999999999998,0.022494680535422123,484.39999999999998,0.023190407161567613
485.10000000000002,0.023047311445114151,485.10000000000002,0.022655747988776138,485.10000000000002,0.022994583047226673
485.89999999999998,0.023181251748429593,485.89999999999998,0.022637098073124619,485.89999999999998,0.023254834142909221
486.60000000000002,0.022568347702245618,486.60000000000002,0.022887176487542699,486.60000000000002,0.023073421327026274
487.39999999999998,0.022330137415969419,487.39999999999998,0.022387867382145248,487.39999999999998,0.023032730601968414
488.10000000000002,0.022908284801166471,488.10000000000002,0.022341242593016453,488.10000000000002,0.022974237684697744
488.89999999999998,0.022957452760611379,488.89999999999998,0.022764256588930429,488.89999999999998,0.022711443418699091
489.60000000000002,0.023295694412654815,489.60000000000002,0.023133016284767258,489.60000000000002,0.023280265846070382
490.39999999999998,0.022843010096386156,490.39999999999998,0.023772199757551092,490.39999999999998,0.023098005306748728
491.10000000000002,0.023472020887905534,491.10000000000002,0.023472105660249397,491.10000000000002,0.023537973771436807
491.89999999999998,0.023616133872485442,491.89999999999998,0.023757788459093102,491.89999999999998,0.023765163653009843
492.60000000000002,0.023843323754058475,492.60000000000002,0.023801870077905778,492.60000000000002,0.024088994006595293
493.39999999999998,0.023859430499393878,493.39999999999998,0.024229970414451983,493.39999999999998,0.024718004798114663
494.10000000000002,0.023759399133626648,494.10000000000002,0.024349499419309441,494.10000000000002,0.024686639030882564
494.89999999999998,0.023856887329077758,494.89999999999998,0.024452921678831493,494.89999999999998,0.025274111373905374
495.60000000000002,0.023784830836787809,495.60000000000002,0.024413078677212343,495.60000000000002,0.024743436501275824
496.39999999999998,0.023799242135245799,496.39999999999998,0.024462246636657255,496.39999999999998,0.024624755219857075
497.10000000000002,0.023743292388291242,497.10000000000002,0.024620770919695157,497.10000000000002,0.024223782033349444
497.89999999999998,0.02356866135991794,497.89999999999998,0.024652136686927253,497.89999999999998,0.024524723854089846
498.60000000000002,0.023917075693225844,498.60000000000002,0.024728431796410735,498.60000000000002,0.025172384561260738
499.39999999999998,0.023930639268245131,499.39999999999998,0.024999703296796447,499.39999999999998,0.025288522672363371
500.10000000000002,0.024344328306333346,500.10000000000002,0.024978510210828815,500.10000000000002,0.025666607326025957
500.89999999999998,0.024656290531776915,500.89999999999998,0.025404067377058911,500.89999999999998,0.025163059603434977
501.60000000000002,0.025336164729618606,501.60000000000002,0.025284538372201452,501.60000000000002,0.025395335825640245
502.39999999999998,0.02567355865822334,502.39999999999998,0.025854208523011454,502.39999999999998,0.025125759772131943
503.10000000000002,0.025203919873180575,503.10000000000002,0.02560413010859337,503.10000000000002,0.025360579164653327
503.89999999999998,0.025414155285979501,503.89999999999998,0.02579995422293431,503.89999999999998,0.026069275959411001
504.60000000000002,0.025412459839102095,504.60000000000002,0.025687207005586493,504.60000000000002,0.026147266515771896
505.39999999999998,0.026075379568169684,505.39999999999998,0.025790629265108549,505.39999999999998,0.026768647796342925
506.10000000000002,0.025774437747429279,506.10000000000002,0.026272983901731897,506.10000000000002,0.02663555521646618
506.89999999999998,0.026375473665471376,506.89999999999998,0.026660393513220245,506.89999999999998,0.027572289616235601
507.60000000000002,0.026237294744962409,507.60000000000002,0.027405542415842254,507.60000000000002,0.027604503106906403
508.39999999999998,0.026632333867399102,508.39999999999998,0.02695031492925748,508.39999999999998,0.027867297372905067
509.10000000000002,0.026653526953366737,509.10000000000002,0.026979137526173459,509.10000000000002,0.027696057238286581
509.89999999999998,0.026614531675186289,509.89999999999998,0.026562905317769132,509.89999999999998,0.027102650831192832
510.60000000000002,0.026801030831701461,510.60000000000002,0.027095275637276092,510.60000000000002,0.026928867526258237
511.39999999999998,0.026538236565702807,511.39999999999998,0.026968964844908992,511.39999999999998,0.026864440544916626
512.10000000000002,0.026829005705178745,512.10000000000002,0.026940989971431718,512.10000000000002,0.027332383883081984
512.79999999999995,0.026787467256682181,512.79999999999995,0.027065605316921405,512.79999999999995,0.027291693158024127
513.60000000000002,0.026769665064469369,513.60000000000002,0.027286861134423503,513.60000000000002,0.027863906479150241
514.29999999999995,0.027168095080660884,514.29999999999995,0.027836185922704575,514.29999999999995,0.028407297203360379
515,0.027426650729466023,515,0.027341115434500646,515,0.028804031772674488
515.79999999999995,0.02773183116739995,515.79999999999995,0.027671727575595734,515.79999999999995,0.028776056899197211
516.5,0.028030229817824239,516.5,0.027447080864338814,516.5,0.028689589108449261
517.20000000000005,0.027939523409882761,517.20000000000005,0.028049812229258324,517.20000000000005,0.02880742266642931
518,0.027898832684824904,518,0.02820748878885752,518,0.028686198214694439
518.70000000000005,0.028004798114663072,518.70000000000005,0.028633893678526316,518.70000000000005,0.028879479158719263
519.39999999999998,0.02846002560124785,519.39999999999998,0.028629655061332793,519.39999999999998,0.029008333121402476
520.20000000000005,0.02876690148605919,520.20000000000005,0.028176970745064131,520.20000000000005,0.029393199562574707
520.89999999999998,0.02892373032221968,520.89999999999998,0.028218509193560691,520.89999999999998,0.029225350321711047
521.60000000000002,0.029019523070793384,521.60000000000002,0.028126107338741806,521.60000000000002,0.029500860439290292
522.29999999999995,0.029088188669328517,522.29999999999995,0.028815306494409259,522.29999999999995,0.029866229241372298
523.10000000000002,0.028880496426845707,523.10000000000002,0.028694929766113101,523.10000000000002,0.030186668701202922
523.79999999999995,0.028540559327924861,523.79999999999995,0.028987394352466452,523.79999999999995,0.029993387757178101
524.5,0.028564295584208612,524.5,0.028471978501733598,524.5,0.029938285733662251
525.29999999999995,0.02826335376346821,525.29999999999995,0.028403312903198464,525.29999999999995,0.030000169544687743
526,0.028261658316590794,526,0.028282936174902299,526,0.030323999898273189
526.70000000000005,0.028165865568017093,526.70000000000005,0.028688147978603456,526.70000000000005,0.029940828903978371
527.5,0.02857277281859566,527.5,0.028592355230029756,527.5,0.030061205632274532
528.20000000000005,0.029054279731780305,528.20000000000005,0.028779702109983634,528.20000000000005,0.029946762968049306
528.89999999999998,0.02942727804481066,528.89999999999998,0.028598289294100691,528.89999999999998,0.030455397031272525
529.60000000000002,0.029227215313276201,529.60000000000002,0.02944177411561252,529.60000000000002,0.030472351500046627
530.39999999999998,0.028884735044039239,530.39999999999998,0.029780863491094666,530.39999999999998,0.030326543068589305
531.10000000000002,0.02826335376346821,531.10000000000002,0.03012673465408645,531.10000000000002,0.029935742563346131
531.79999999999995,0.028940684790993789,531.79999999999995,0.029729152361333638,531.79999999999995,0.030045946610377832
532.60000000000002,0.029251799292998652,532.60000000000002,0.029565541737663504,532.60000000000002,0.030490153692259436
533.29999999999995,0.029736697099938116,533.29999999999995,0.029827488280223462,533.29999999999995,0.030405381348388903
534,0.029208565397624679,534,0.030047896374286853,534,0.030894517772521893
534.79999999999995,0.02920347905699245,534.79999999999995,0.030228461466731093,534.79999999999995,0.030549494332968812
535.5,0.029330637572798253,535.5,0.030331883726253145,535.5,0.031298881852784344
536.20000000000005,0.029432364385442895,536.20000000000005,0.030661648143909533,536.20000000000005,0.030861456558412385
537,0.029684985970177092,537,0.031046514585081762,537,0.031032696693030871
537.70000000000005,0.029444232513584769,537.70000000000005,0.030392072090401224,537.70000000000005,0.030726668531658237
538.39999999999998,0.029769758314047625,538.39999999999998,0.030540423692174662,538.39999999999998,0.031081864652475776
539.10000000000002,0.029456948365165346,539.10000000000002,0.029878351686545783,539.10000000000002,0.031224282190178278
539.89999999999998,0.029997795919059364,539.89999999999998,0.030318320151233858,539.89999999999998,0.030998787755482652
540.60000000000002,0.029806210421911956,540.60000000000002,0.030386985749768999,540.60000000000002,0.030556276120478457
541.29999999999995,0.030181751905258427,541.29999999999995,0.030975305816230508,541.29999999999995,0.03074023210667752
542.10000000000002,0.030013902664394767,542.10000000000002,0.031092291650771851,542.10000000000002,0.030638505294032881
542.79999999999995,0.030319930825767401,542.79999999999995,0.031073641735120328,542.79999999999995,0.031613387248544032
543.5,0.03022329035375499,543.5,0.031212668379068009,543.5,0.031685443740833992
544.29999999999995,0.030546272983901734,544.29999999999995,0.031400862982460601,544.29999999999995,0.032849368022176445
545,0.03072938124666209,545,0.031316090638590061,545,0.032610310012461535
545.70000000000005,0.031171045158227582,545.70000000000005,0.031266922679145152,545.70000000000005,0.033104532777226754
546.5,0.031261751566169053,546.5,0.031399167535583195,546.5,0.03253231945610064
547.20000000000005,0.031430448530471417,547.20000000000005,0.031733170570433102,547.20000000000005,0.032309368191721137
547.89999999999998,0.031027779897086379,547.89999999999998,0.031639920992175517,547.89999999999998,0.032386511024643322
548.60000000000002,0.031194781414511333,548.60000000000002,0.031779795359561887,548.60000000000002,0.032454328899739752
549.39999999999998,0.031199020031704855,549.39999999999998,0.031917974280070871,549.39999999999998,0.033415647279231624
550.10000000000002,0.03129142188652375,550.10000000000002,0.032649559607673594,550.10000000000002,0.033353763468206135
550.79999999999995,0.031573713791612626,550.79999999999995,0.032743656909369895,550.79999999999995,0.033769995676610466
551.60000000000002,0.032039961682900575,551.60000000000002,0.033086984902045563,551.60000000000002,0.03310707594754287
552.29999999999995,0.03273339945576155,552.29999999999995,0.033357408678992569,552.29999999999995,0.033716589099972029
553,0.032831735374651373,553,0.034141552859795019,553,0.03411925773335707
553.79999999999995,0.032569788832091419,553.79999999999995,0.034032196536202028,553.79999999999995,0.034842365826572734
554.5,0.032875816993464056,554.5,0.034042369217466492,554.5,0.034699948288870242
555.20000000000005,0.033265769775268517,555.20000000000005,0.033839763315615903,555.20000000000005,0.034744029907682925
556,0.034199113281283111,556,0.034200893500504391,556,0.035228927714622389
556.70000000000005,0.034629756788145435,556.70000000000005,0.034754456905978989,556.70000000000005,0.035529869535362787
557.39999999999998,0.034781499283673696,557.39999999999998,0.035048616939209749,557.39999999999998,0.036031721811076355
558.10000000000002,0.034132990853064094,558.10000000000002,0.035191882200350952,558.10000000000002,0.035818095504522605
558.89999999999998,0.034339835372108204,558.89999999999998,0.035124064325254528,558.89999999999998,0.036319947780236179
559.60000000000002,0.034459364376965652,559.60000000000002,0.036020955723404795,559.60000000000002,0.036915049634207338
560.29999999999995,0.035054466230936825,560.29999999999995,0.036695743580614261,560.29999999999995,0.037190559751786575
561.10000000000002,0.034956978035485704,561.10000000000002,0.037232352517314743,561.10000000000002,0.037795834287022205
561.79999999999995,0.035421530479896247,561.79999999999995,0.037445978823868499,561.79999999999995,0.037949272229427872
562.5,0.035947119011893555,562.5,0.0370653509998898,562.5,0.038766477624339844
563.29999999999995,0.036308249196782043,563.29999999999995,0.037763875113383007,563.29999999999995,0.038865661266668371
564,0.036604952400328919,564,0.037835083882234263,564,0.038962301738680774
564.70000000000005,0.037213617829319368,564.70000000000005,0.038809965836745418,564.70000000000005,0.039134389596737956
565.39999999999998,0.03756627077982079,565.39999999999998,0.038860829243067746,565.39999999999998,0.03911913057484126
566.20000000000005,0.03752388460788552,566.20000000000005,0.039294863643684876,566.20000000000005,0.039613353339606493
566.89999999999998,0.037307715131015662,566.89999999999998,0.039646668870747602,566.89999999999998,0.039573510337987339
567.60000000000002,0.037384010240499144,567.60000000000002,0.039722116256792374,567.60000000000002,0.04022880055610658
568.39999999999998,0.037905360155302936,568.39999999999998,0.039842492985088546,568.39999999999998,0.040560260420640371
569.10000000000002,0.038653899951679761,569.10000000000002,0.040109525868280739,569.10000000000002,0.041106194315166614
569.79999999999995,0.039068436713206679,569.79999999999995,0.040264659257563812,569.79999999999995,0.041620762442460775
570.60000000000002,0.039346490001102047,570.60000000000002,0.040768206980154799,570.60000000000002,0.041535142375151532
571.29999999999995,0.039153209057077219,571.29999999999995,0.04081907038647712,571.29999999999995,0.042309113874689525
572,0.039933114620686154,572,0.041990624178767914,572,0.042358281834134433
572.79999999999995,0.040501089324618732,572.79999999999995,0.041719352678382206,572.79999999999995,0.043402677110619431
573.5,0.041179268075583024,573.5,0.042482303773217017,573.5,0.043370463619948625
574.20000000000005,0.041037698261319228,574.20000000000005,0.042152539355560639,574.20000000000005,0.044178344057034837
574.89999999999998,0.041414087468104398,574.89999999999998,0.043434297194883141,574.89999999999998,0.043951154175461804
575.70000000000005,0.041238608716292396,575.70000000000005,0.044077719284860505,575.70000000000005,0.044886193128353805
576.39999999999998,0.042070225409662355,576.39999999999998,0.044751659418631261,576.39999999999998,0.045508422132363543
577.10000000000002,0.042507650704034311,577.10000000000002,0.045869806634283632,577.10000000000002,0.046451938319642602
577.89999999999998,0.043566457278977302,577.89999999999998,0.045790120631045324,577.89999999999998,0.046915643040614428
578.60000000000002,0.043708027093241092,578.60000000000002,0.045998660596966848,578.60000000000002,0.046780855013860277
579.29999999999995,0.044287022201876858,579.29999999999995,0.046253825352017157,579.29999999999995,0.047729457541771575
580.10000000000002,0.044757508710358329,580.10000000000002,0.047701736985325906,580.10000000000002,0.04780744809813247
580.79999999999995,0.04538312860812288,580.79999999999995,0.048763086730585006,580.79999999999995,0.048668735111857105
581.5,0.045009282571653819,581.5,0.048331595500283979,581.5,0.048493256360045103
582.29999999999995,0.045058450531098727,582.29999999999995,0.048622364639759927,582.29999999999995,0.049313004925273185
583,0.044964353229402433,583,0.049030119613777193,583,0.049463051973924033
583.70000000000005,0.046025702974661534,583.70000000000005,0.050181328043539072,583.70000000000005,0.050129362596746441
584.39999999999998,0.046367335520459796,584.39999999999998,0.050077058060578314,584.39999999999998,0.050874511499368454
585.20000000000005,0.047229470257623148,585.20000000000005,0.050743368683400729,585.20000000000005,0.051181387384179794
585.89999999999998,0.047034493866720914,585.89999999999998,0.050412756542305634,585.89999999999998,0.051410272712630239
586.60000000000002,0.047441401117299484,586.60000000000002,0.051099412527656971,586.60000000000002,0.051508608631520056
587.39999999999998,0.047862719666336047,587.39999999999998,0.051136712358960015,587.39999999999998,0.051803616388189519
588.10000000000002,0.048278951874740371,588.10000000000002,0.051608894314318907,588.10000000000002,0.051884997838305233
588.79999999999995,0.048518857607893998,588.79999999999995,0.05194374507260751,588.79999999999995,0.051736646236531798
589.60000000000002,0.048765545128557256,589.60000000000002,0.051819977450556526,589.60000000000002,0.051740037130286617
590.29999999999995,0.049549689309359719,590.29999999999995,0.052019192458652296,590.29999999999995,0.052493663267295675
591,0.049575121012520873,591,0.051530056034519295,591,0.052393631901528445
591.70000000000005,0.04914278205878115,591.70000000000005,0.051753007298898805,591.70000000000005,0.052667446572230284
592.5,0.048069564185380165,592.5,0.052210777955799696,592.5,0.052030806269762558
593.20000000000005,0.048128057102650834,593.20000000000005,0.052537151479701255,593.20000000000005,0.052546222120495409
593.89999999999998,0.048245042937192173,593.89999999999998,0.053208548443155902,593.89999999999998,0.053077744716563673
594.60000000000002,0.048974932817917489,594.60000000000002,0.053389113535600143,594.60000000000002,0.053947508964675366
595.29999999999995,0.049152954740045607,595.29999999999995,0.054404686215169161,595.29999999999995,0.053881386536456348
596.10000000000002,0.049178386443206767,596.10000000000002,0.054486915388723578,596.10000000000002,0.054190805591583804
596.79999999999995,0.049300458618380338,596.79999999999995,0.054903147597127916,596.79999999999995,0.054520570009240182
597.5,0.049857412917609756,597.5,0.054608987563897149,597.5,0.054887634258199612
598.20000000000005,0.050284665530717261,598.20000000000005,0.054530997007536268,598.20000000000005,0.055140255842933805
599,0.050686486440663599,599,0.054783618592270461,599,0.055023270008392466
599.70000000000005,0.051246831633647842,599.70000000000005,0.054396208980782117,599.70000000000005,0.055475954324661125
600.39999999999998,0.051392640065105154,600.39999999999998,0.054865000042386175,600.39999999999998,0.055171621610165894
601.10000000000002,0.051392640065105154,601.10000000000002,0.054397904427659523,601.10000000000002,0.055480192941854654
601.89999999999998,0.050839076659630555,601.89999999999998,0.05520578486474572,601.89999999999998,0.055246221272771977
602.60000000000002,0.050846706170578904,602.60000000000002,0.055005722133211254,602.60000000000002,0.055303018743165226
603.29999999999995,0.050407585429329521,603.29999999999995,0.054935361087798708,603.29999999999995,0.054975797495824964
604,0.050899265023778638,604,0.05468867356713545,604,0.055108890075701696
604.79999999999995,0.051089155074048639,604.79999999999995,0.054384340852640239,604.79999999999995,0.055261480294668659
605.5,0.050993362325474939,605.5,0.05402999245526139,605.5,0.055515797326280279
606.20000000000005,0.050247365699414209,606.20000000000005,0.053222959741613896,606.20000000000005,0.05525978484779126
606.89999999999998,0.049821808533184124,606.89999999999998,0.052728736976848663,606.89999999999998,0.054740978103303584
607.70000000000005,0.049244508871425785,607.70000000000005,0.052653289590803891,607.70000000000005,0.053961072539694649
608.39999999999998,0.048509532650068229,608.39999999999998,0.052564278629739829,608.39999999999998,0.053450743029594031
609.10000000000002,0.047605859464408332,609.10000000000002,0.052347261429431267,609.10000000000002,0.052951433924196566
609.79999999999995,0.047910192178903542,609.79999999999995,0.051374922645236215,609.79999999999995,0.05234700711239966
610.5,0.047370192348448234,610.5,0.050799318430355282,610.5,0.051428922628281755
611.29999999999995,0.047257445131100424,611.29999999999995,0.049809177453947424,611.29999999999995,0.050965217907309922
612,0.046883599094631363,612,0.049468392631587872,612,0.050610869509931079
612.70000000000005,0.046481778184685026,612.70000000000005,0.048784279816552652,612.70000000000005,0.050488797334757508
613.39999999999998,0.045732390664869484,613.39999999999998,0.048889397522952113,613.39999999999998,0.049905563608928213
614.20000000000005,0.044548968744436812,614.20000000000005,0.048344311351864566,614.20000000000005,0.048656866983715227
614.89999999999998,0.043754651882369898,614.89999999999998,0.047428770038062784,614.89999999999998,0.047604842196281888
615.60000000000002,0.043034934682909046,615.60000000000002,0.046582742046234832,615.60000000000002,0.046528233429126084
616.29999999999995,0.042193993031713325,616.29999999999995,0.045949492637521933,616.29999999999995,0.04671388486220255
617.10000000000002,0.041975280384527351,617.10000000000002,0.045968990276612151,617.10000000000002,0.045974670023651486
617.79999999999995,0.041052957283215924,617.79999999999995,0.045211125522409558,617.79999999999995,0.045529615218331168
618.5,0.041036002814441815,618.5,0.044977153853326894,618.5,0.044885345404915108
619.20000000000005,0.040840178700100878,619.20000000000005,0.044694014224799294,619.20000000000005,0.045239693802293937
620,0.041442910065020391,620,0.044376117935284787,620,0.045069301391114168
620.70000000000005,0.041387808041504541,620.70000000000005,0.04395819028000305,620.70000000000005,0.044073226350635368
621.39999999999998,0.040956316811203521,621.39999999999998,0.043230843569593856,621.39999999999998,0.043706162101675952
622.10000000000002,0.040794401634410789,622.10000000000002,0.043015521816162694,622.10000000000002,0.043411154345006489
622.89999999999998,0.040825767401642891,622.89999999999998,0.042494171901358908,622.89999999999998,0.043885879470681489
623.60000000000002,0.040214558802336327,623.60000000000002,0.042193230080618496,623.60000000000002,0.042883870366131754
624.29999999999995,0.039478734857540082,624.29999999999995,0.041859227045768589,624.29999999999995,0.042639726015784613
625,0.039007400625619894,625,0.041494705967125282,625,0.041578376270525512
625.70000000000005,0.039056568585064816,625.70000000000005,0.041218348126107335,625.70000000000005,0.041290150301365687
626.5,0.038881937556691504,626.5,0.040233293490331709,626.5,0.040969710841535063
627.20000000000005,0.038361435365326421,627.20000000000005,0.04042742215779524,627.20000000000005,0.040954451819638367
627.89999999999998,0.037918076006883517,627.89999999999998,0.040485915075065909,627.89999999999998,0.040770495833439301
628.60000000000002,0.038042691352373204,628.60000000000002,0.04049524003289167,628.60000000000002,0.040714546086484747
629.39999999999998,0.037666302145588026,629.39999999999998,0.039826386239753146,629.39999999999998,0.040425472393886219
630.10000000000002,0.037161058976119633,630.10000000000002,0.039065978315234437,630.10000000000002,0.040321202410925461
630.79999999999995,0.036792299280282811,630.79999999999995,0.038914235819706183,630.79999999999995,0.040110119274687828
631.5,0.036696506531709097,631.5,0.039034612548002341,631.5,0.040184718937293896
632.29999999999995,0.037016098268101018,632.29999999999995,0.03892949484160288,632.29999999999995,0.039844781838373047
633,0.03622347685291151,633,0.038447987928418241,633,0.039349711350169118
633.70000000000005,0.035884387477429357,633.70000000000005,0.037912226715156448,633.70000000000005,0.038652034960114615
634.39999999999998,0.035119740935717139,634.39999999999998,0.037399354034739707,634.39999999999998,0.037867890779312151
635.20000000000005,0.035043445826233657,635.20000000000005,0.037152666514076442,635.20000000000005,0.037328738672295553
635.89999999999998,0.034503445995778342,635.89999999999998,0.036557564660105284,635.89999999999998,0.036626823665047513
636.60000000000002,0.034935784949518066,636.60000000000002,0.036099794003204393,636.60000000000002,0.037011690106219741
637.29999999999995,0.034518705017675032,637.29999999999995,0.036578757746072915,637.29999999999995,0.03654120359773827
638.10000000000002,0.034490730144197762,638.10000000000002,0.036304095351932381,638.10000000000002,0.036443715402287157
638.79999999999995,0.033912582759000706,638.79999999999995,0.036150657409526714,638.79999999999995,0.035572255707298057
639.5,0.03377186066817562,639.5,0.034940956062494172,639.5,0.035377279316395824
640.20000000000005,0.033055534362469587,640.20000000000005,0.034577282707289568,640.20000000000005,0.035114485050397166
640.89999999999998,0.032457889338182312,640.89999999999998,0.034384001763264747,640.89999999999998,0.034459194832277919
641.70000000000005,0.032252740266015614,641.70000000000005,0.03406610547375024,641.70000000000005,0.033981078812848099
642.39999999999998,0.032099302323609948,642.39999999999998,0.033807549824945111,642.39999999999998,0.033709807312462391
643.10000000000002,0.032258674330086549,643.10000000000002,0.033171757245916089,643.10000000000002,0.034101455541144257
643.79999999999995,0.031865330654527263,643.79999999999995,0.032814017954782435,643.79999999999995,0.033736934462500957
644.60000000000002,0.031908564549901243,644.60000000000002,0.032101082542831227,644.60000000000002,0.033758975271907292
645.29999999999995,0.031235472139569186,645.29999999999995,0.032002746623941404,645.29999999999995,0.033119791799123451
646,0.030680213287217178,646,0.032003594347380107,646,0.032990937836440248
646.70000000000005,0.029848596593847226,646.70000000000005,0.032008680688012332,646.70000000000005,0.032267829743224577
647.5,0.029603604520061378,647.5,0.031605164331188589,647.5,0.032122021311767252
648.20000000000005,0.029395064554139861,648.20000000000005,0.031022778328798011,648.20000000000005,0.031921958580232786
648.89999999999998,0.029523070793384367,648.89999999999998,0.03071844561430279,648.89999999999998,0.031554894331273363
649.60000000000002,0.029562913795003514,649.60000000000002,0.029957189966345377,649.60000000000002,0.030723277637903411
650.39999999999998,0.029672270118596512,650.39999999999998,0.029951255902274435,650.39999999999998,0.030152759763654707
651.10000000000002,0.029825708061002178,651.10000000000002,0.029501962479760599,651.10000000000002,0.03009596229326145
651.79999999999995,0.029480684621449097,651.79999999999995,0.029339199579529171,651.79999999999995,0.030485067351627211
652.5,0.028758424251672136,652.5,0.029050973610369353,652.5,0.030574926036129976
653.29999999999995,0.028349821554216156,653.29999999999995,0.028920424200808727,653.29999999999995,0.030312131770131315
654,0.028034468435017761,654,0.028637284572281138,654,0.029835711197578905
654.70000000000005,0.028043793392843522,654.70000000000005,0.02787348575400761,654.70000000000005,0.029332163474987922
655.39999999999998,0.027180810932241468,655.39999999999998,0.027627645956783055,655.39999999999998,0.028873545094648324
656.10000000000002,0.026871391877114011,656.10000000000002,0.02760475742393801,656.10000000000002,0.028520044420708188
656.89999999999998,0.026862914642726964,656.89999999999998,0.027469969397183859,656.89999999999998,0.028687045938133142
657.60000000000002,0.027528377542110662,657.60000000000002,0.026940989971431718,657.60000000000002,0.028484440036282564
658.29999999999995,0.027233369785441199,658.29999999999995,0.026573077999033592,658.29999999999995,0.028174173257716401
659,0.027138424760306198,659,0.026514585081762923,659,0.027703686749234929
659.79999999999995,0.026783228639488656,659.79999999999995,0.02603816450921051,659.79999999999995,0.027774895518086182
660.5,0.02623220840433017,660.5,0.026389969736273236,660.5,0.027487517272365064
661.20000000000005,0.025575222739333516,661.20000000000005,0.025477819316226273,661.20000000000005,0.026655052855556409
661.89999999999998,0.024752931003789325,661.89999999999998,0.025554114425709755,661.89999999999998,0.026330374778532256
662.70000000000005,0.025150513296542137,662.70000000000005,0.024969185253003061,662.70000000000005,0.02639904037706739
663.39999999999998,0.025101345337097226,663.39999999999998,0.025770283902579624,663.39999999999998,0.026649966514924173
664.10000000000002,0.024993684460381652,664.10000000000002,0.025944914930952925,664.10000000000002,0.026223561625255378
664.79999999999995,0.024951298288446378,664.79999999999995,0.025805888287005248,664.79999999999995,0.026078600917236763
665.60000000000002,0.024816510261692227,665.60000000000002,0.025164161643905291,665.60000000000002,0.025591159939981182
666.29999999999995,0.024760560514737674,666.29999999999995,0.024151132134652389,666.29999999999995,0.025427549316311054
667,0.024148504191992406,667,0.023758636182531809,667,0.024790909013843326
667.79999999999995,0.023673779066317402,667.79999999999995,0.023716250010596546,667.79999999999995,0.024867204123326811
668.5,0.02351355933640209,668.5,0.024194366030026365,668.5,0.025157973262802745
669.20000000000005,0.0232617854751066,669.20000000000005,0.023905292337427837,669.20000000000005,0.025057941897035516
669.89999999999998,0.023125302001475039,669.89999999999998,0.023633173113603419,669.89999999999998,0.024731568373133953
670.70000000000005,0.022802319371328299,670.70000000000005,0.023355967549146765,670.70000000000005,0.024092384900350115
671.39999999999998,0.023649195086594951,671.39999999999998,0.024185888795639311,671.39999999999998,0.024171223180149713
672.10000000000002,0.023913684799471022,672.10000000000002,0.023546705322855469,672.10000000000002,0.024190720819239935
672.89999999999998,0.023775505878962048,672.89999999999998,0.023458542085230117,672.89999999999998,0.024135618795724085
673.60000000000002,0.022849791883895795,673.60000000000002,0.022526894026092925,673.60000000000002,0.023697345777913412
674.29999999999995,0.022596322575722898,674.29999999999995,0.023156752541051005,674.29999999999995,0.023337911039902341
675,0.022447123250510754,675,0.022745606673278906,675,0.023350626891482925
675.79999999999995,0.02222501970956995,675.79999999999995,0.022469248832260959,675.79999999999995,0.023341301933657167
676.5,0.022197044836092673,676.5,0.022343785763332569,676.5,0.02349558759950154
677.20000000000005,0.022328441969092006,677.20000000000005,0.022624382221544042,677.20000000000005,0.022847926892330651
678,0.022176699473563748,678,0.022627773115298868,678,0.022996278494104083
678.70000000000005,0.021716385646346738,678.70000000000005,0.022373456083687258,678.70000000000005,0.022670752693641227
679.39999999999998,0.021698583454133922,679.39999999999998,0.021925858108050832,679.39999999999998,0.02251901019811297
680.10000000000002,0.021726558327611202,680.10000000000002,0.021769876995329042,680.10000000000002,0.022176529928876008
680.89999999999998,0.021704517518204857,680.89999999999998,0.021652043437348997,680.89999999999998,0.021924756067580518
681.60000000000002,0.02110432932360147,681.60000000000002,0.021330756254079663,681.60000000000002,0.022307079338436626
682.29999999999995,0.021228096945652451,682.29999999999995,0.021248527080525246,682.29999999999995,0.021891694853471002
683.10000000000002,0.021205208412807406,683.10000000000002,0.021173927417919177,683.10000000000002,0.022300297550926985
683.79999999999995,0.021221315158142809,683.79999999999995,0.021407899087001855,683.79999999999995,0.02188576078940007
684.5,0.02099073438281495,684.5,0.02152742809185931,684.5,0.021895933470664531
685.20000000000005,0.020874596271712318,685.20000000000005,0.021147647991319306,685.20000000000005,0.021497503454473009
686,0.020812712460686823,686,0.021307867721234618,686,0.02176114544391038
686.70000000000005,0.020326966930308655,686.70000000000005,0.020763629273585785,686.70000000000005,0.022016310198960696
687.39999999999998,0.020574502174410623,687.39999999999998,0.020873833320617478,687.39999999999998,0.021951883217619084
688.20000000000005,0.02073896052151946,688.20000000000005,0.020302467722930071,688.20000000000005,0.021494960284156896
688.89999999999998,0.021095004365775709,688.89999999999998,0.020312640404194532,688.89999999999998,0.021169434483694037
689.60000000000002,0.020555004535320397,689.60000000000002,0.020125293524240646,689.60000000000002,0.021028712392868951
690.29999999999995,0.020635538261997408,690.29999999999995,0.020227868060323999,690.29999999999995,0.020950721836508059
691.10000000000002,0.020238803692683303,691.10000000000002,0.020032891669421769,691.10000000000002,0.02103125556318507
691.79999999999995,0.020199808414502852,691.79999999999995,0.019906580877054669,691.79999999999995,0.020472605817078236
692.5,0.020021786492374728,692.5,0.019642938887617305,692.5,0.020322558768427389
693.29999999999995,0.020404109763230843,693.29999999999995,0.019375058280986408,693.29999999999995,0.020085196205589892
694,0.020279494417741156,694,0.019553080203114533,694,0.020392919813839932
694.70000000000005,0.019697108415350578,694.70000000000005,0.019391165026321811,694.70000000000005,0.020464128582691185
695.39999999999998,0.019257987674101203,695.39999999999998,0.0198167221925519,695.39999999999998,0.020746420487780068
696.20000000000005,0.019137610945805041,696.20000000000005,0.019120741249374802,696.20000000000005,0.020447174113917079
696.89999999999998,0.019332587336707275,696.89999999999998,0.019246204318303196,696.89999999999998,0.020659104973593422
697.60000000000002,0.019240185481888394,697.60000000000002,0.019363190152844535,697.60000000000002,0.020397158431033464
698.39999999999998,0.019117265583276113,698.39999999999998,0.019753142934648998,698.39999999999998,0.020125886930647745
699.10000000000002,0.019576731687054413,699.10000000000002,0.019730254401803954,699.10000000000002,0.019835117791171811
699.79999999999995,0.019553843154209369,699.79999999999995,0.019066486949297658,699.79999999999995,0.019385824368657968
700.5,0.019686088010647407,700.5,0.01895034883819503,700.5,0.019579105312682792
701.29999999999995,0.01914354500987598,701.29999999999995,0.019225011232335564,701.29999999999995,0.019158634487084932
702,0.01896128447055433,702,0.01928350414960623,702,0.019117943762027075
702.70000000000005,0.0184975797495825,702.70000000000005,0.019052923374278375,702.70000000000005,0.018477912565804534
703.5,0.018388223425989506,703.5,0.018804540406737701,703.5,0.018381272093792124
704.20000000000005,0.01866712443732357,704.20000000000005,0.018780804150453956,704.20000000000005,0.018777158939667523
704.89999999999998,0.019120656477030935,704.89999999999998,0.018939328433491855,704.89999999999998,0.01907047124945958
705.60000000000002,0.019419902850893924,705.60000000000002,0.018747742936344444,705.60000000000002,0.019268838534116633
706.39999999999998,0.019081661198850488,706.39999999999998,0.018894399091240476,706.39999999999998,0.018797504302196451
707.10000000000002,0.019522477386977276,707.10000000000002,0.018586675482990429,707.10000000000002,0.019065384908827344
707.79999999999995,0.019392775700855357,707.79999999999995,0.018677381890931901,707.79999999999995,0.018401617456321049
708.60000000000002,0.019308851080423527,708.60000000000002,0.01825945423565016,708.60000000000002,0.018221052363876812
709.29999999999995,0.0186247382653883,709.29999999999995,0.018483253223468374,709.29999999999995,0.017734459110059934
710,0.01839924383069268,710,0.018038198418148063,710,0.018464348990785247
710.70000000000005,0.018254283122674058,710.70000000000005,0.01830523130134025,710.70000000000005,0.018338038198418151
711.39999999999998,0.017871112128379239,711.39999999999998,0.017716911234878729,711.39999999999998,0.018627959614455382
712.20000000000005,0.017919432364385444,712.20000000000005,0.017489721353305693,712.20000000000005,0.01838211981723083
712.89999999999998,0.017743953612573436,712.89999999999998,0.017214211235726456,712.89999999999998,0.018545730440900958
713.60000000000002,0.017733780931308972,713.60000000000002,0.017193865873197527,713.60000000000002,0.018332104134347209
714.29999999999995,0.01719717199460848,714.29999999999995,0.01736256283749989,714.29999999999995,0.017974364843213551
715.10000000000002,0.017358239447962498,715.10000000000002,0.01662334799894882,715.10000000000002,0.017607300594254138
715.79999999999995,0.017327721404169105,715.79999999999995,0.0171268957215398,715.79999999999995,0.017765824877292034
716.5,0.017367564405788256,716.5,0.016702186278748418,716.5,0.017663250341208688
717.20000000000005,0.017117485991370175,717.20000000000005,0.01732102438900333,717.20000000000005,0.017872638030568912
717.89999999999998,0.017175131185202142,717.89999999999998,0.016870883243050784,717.89999999999998,0.017464883056551632
718.70000000000005,0.017623576884277278,718.70000000000005,0.01709807312462382,718.70000000000005,0.018087959784000067
719.39999999999998,0.017721912803167098,719.39999999999998,0.017143850190313909,719.39999999999998,0.018268524876444311
720.10000000000002,0.017956732195688479,720.10000000000002,0.017276942770190651,720.10000000000002,0.018461805820469128
720.79999999999995,0.017291269296304774,720.79999999999995,0.017252358790468197,720.79999999999995,0.017681052533421497
721.60000000000002,0.016953875367700044,721.60000000000002,0.016941244288463331,721.60000000000002,0.017349592668887703
722.29999999999995,0.016537643159295713,722.29999999999995,0.016584352720768369,722.29999999999995,0.01729025202817833
723,0.016778396615888033,723,0.016220679365563772,723,0.017013046463721676
723.70000000000005,0.016890296109797143,723.70000000000005,0.016167272788925338,723.70000000000005,0.017251256749997879
724.39999999999998,0.017015759178725536,724.39999999999998,0.016361401456388865,724.39999999999998,0.016991853377754041
725.20000000000005,0.016641065418817765,725.20000000000005,0.016820019836728466,725.20000000000005,0.017703941066266542
725.89999999999998,0.016623263226604956,725.89999999999998,0.017202343107584582,725.89999999999998,0.017491162483151499
726.60000000000002,0.016339275874638657,726.60000000000002,0.017043818824546676,726.60000000000002,0.017122402787314667
727.29999999999995,0.016763137593991333,727.29999999999995,0.016737790663174042,727.29999999999995,0.016640895874130025
728.10000000000002,0.016905555131693836,728.10000000000002,0.016352076498563108,728.10000000000002,0.016286547476751186
728.79999999999995,0.016686842484507854,728.79999999999995,0.016183379534260741,728.79999999999995,0.016595966531878642
729.5,0.0165359477124183,729.5,0.015807838050914267,729.5,0.016025448657629938
730.20000000000005,0.016694471995456203,730.20000000000005,0.015627272958470027,730.20000000000005,0.016495087442672706
731,0.016875884811339149,731,0.015771385943049936,731,0.015847426735501813
731.70000000000005,0.016818239617507186,731.70000000000005,0.016103693531022433,731.70000000000005,0.016378101608131364
732.39999999999998,0.016420657324754371,732.39999999999998,0.015966362333952169,732.39999999999998,0.015773674796334444
733.10000000000002,0.016536795435857007,733.10000000000002,0.016124038893551365,733.10000000000002,0.016375558437815251
733.79999999999995,0.01662241550316625,733.79999999999995,0.015932453396403954,733.79999999999995,0.016307740562718824
734.60000000000002,0.016546968117121474,734.60000000000002,0.01583835609470766,734.60000000000002,0.016125480023397171
735.29999999999995,0.016487627476412095,735.29999999999995,0.015422123886303332,735.29999999999995,0.015950001271585162
736,0.016256198977645533,736,0.016027398421538958,736,0.016098352873358597
736.70000000000005,0.016349448555903125,736.70000000000005,0.016421589820536948,736.70000000000005,0.016402685587853818
737.5,0.016320625958987141,737.5,0.016868340072734668,737.5,0.016739231793019844
738.20000000000005,0.016374032535625579,738.20000000000005,0.015993489483990736,738.20000000000005,0.016466264845756723
738.89999999999998,0.016491018370166918,738.89999999999998,0.015829878860320605,738.89999999999998,0.016700236514839401
739.60000000000002,0.016418114154438262,739.60000000000002,0.015449251036341902,739.60000000000002,0.016689216110136233
740.29999999999995,0.016424048218509197,740.29999999999995,0.016026550698100252,740.29999999999995,0.017048650848147304
741.10000000000002,0.015880657494299059,741.10000000000002,0.016157100107660877,741.10000000000002,0.016456939887930965
741.79999999999995,0.016291803362071158,741.79999999999995,0.016078261827861279,741.79999999999995,0.016200079686003243
742.5,0.015924739113111739,742.5,0.016018921187151904,742.5,0.016117850512448822
743.20000000000005,0.016217203699465086,743.20000000000005,0.016176597746751099,743.20000000000005,0.016626484575672035
744,0.016251960360452008,744,0.016111323041970785,744,0.016866390308825654
744.70000000000005,0.016916575536397006,744.70000000000005,0.016297822198485964,744.70000000000005,0.016776531624322882
745.39999999999998,0.016977611623983792,745.39999999999998,0.016330883412595473,745.39999999999998,0.016974898908979935
746.10000000000002,0.016685994761069148,746.10000000000002,0.016448716970575518,746.10000000000002,0.017010503293405563
746.79999999999995,0.016361316684044998,746.79999999999995,0.016117257106041723,746.79999999999995,0.017150377660791943
747.60000000000002,0.016608851928146959,747.60000000000002,0.015843442435339895,747.60000000000002,0.016579012063104533
748.29999999999995,0.016315539618354906,748.29999999999995,0.015986707696481101,748.29999999999995,0.016259420326712612
749,0.016153624441562184,749,0.015744258793011369,749,0.016248399922009441
749.70000000000005,0.016080720225833525,749.70000000000005,0.015392453565948644,749.70000000000005,0.01626959300797708
750.5,0.016563922585895577,750.5,0.015078795893627662,750.5,0.016867238032264354
751.20000000000005,0.016716512804862541,751.20000000000005,0.015448403312903198,751.20000000000005,0.016341649500267032
751.89999999999998,0.016378271152819108,751.89999999999998,0.015682374981985873,751.89999999999998,0.016813831455625917
752.60000000000002,0.015950170816272903,752.60000000000002,0.015739172452379133,752.60000000000002,0.01623822724074498
753.29999999999995,0.015803514661376875,753.29999999999995,0.016008748505887436,753.29999999999995,0.016356908522163729
754.10000000000002,0.016203640124445806,754.10000000000002,0.016307147156311722,754.10000000000002,0.015838101777676052
754.79999999999995,0.016199401507252274,754.79999999999995,0.016363944626704978,754.79999999999995,0.015816908691708417
755.5,0.016361316684044998,755.5,0.015912955757313729,755.5,0.016049184913913689
756.20000000000005,0.015884896111492585,756.20000000000005,0.015529784763018908,756.20000000000005,0.016511194188008109
757,0.016374880259064285,757,0.015585734509973463,757,0.016734993175826322
757.70000000000005,0.015973907072556651,757.70000000000005,0.015776472283682168,757.70000000000005,0.016640895874130028
758.39999999999998,0.015969668455363125,758.39999999999998,0.016047743784067883,758.39999999999998,0.016328933648686456
759.10000000000002,0.015147376719818927,759.10000000000002,0.016191009045209089,759.10000000000002,0.016356060798725022
759.79999999999995,0.015153310783889864,759.79999999999995,0.016089282232564443,759.79999999999995,0.016652764002271895
760.60000000000002,0.015277926129379553,760.60000000000002,0.015924823885455602,760.60000000000002,0.016792638369658282
761.29999999999995,0.01531692140756,761.29999999999995,0.015415342098793689,761.29999999999995,0.016425574120698862
762,0.015330484982579284,762,0.015356849181523018,762,0.016567991658401365
762.70000000000005,0.015128726804167408,762.70000000000005,0.015590820850605695,762.70000000000005,0.016476437527021187
763.5,0.015761128489441605,763.5,0.016307147156311725,763.5,0.016705322855471633
764.20000000000005,0.015841662216118615,764.20000000000005,0.016647931978671277,764.20000000000005,0.016239922687622393
764.89999999999998,0.016047659011724016,764.89999999999998,0.01651060078160101,764.89999999999998,0.01586014258708239
765.60000000000002,0.016262980765155175,765.60000000000002,0.016223222535879895,765.60000000000002,0.0159720420809915
766.29999999999995,0.016132431355594549,766.29999999999995,0.015945169247984534,766.29999999999995,0.015783847477598912
767.10000000000002,0.016022227308562856,767.10000000000002,0.015530632486457616,767.10000000000002,0.016178886600035608
767.79999999999995,0.015640751761145443,767.79999999999995,0.015331417478361859,767.79999999999995,0.015937285420004579
768.5,0.015566999821978079,768.5,0.01506608004204708,768.5,0.016369624373744313
769.20000000000005,0.015936607241253613,769.20000000000005,0.01565609555538601,769.20000000000005,0.016567991658401365
770,0.015743326297228796,770,0.015626425235031324,770,0.01666208896009766
770.70000000000005,0.016357078066851469,770.70000000000005,0.016079109551299983,770.70000000000005,0.016706170578910336
771.39999999999998,0.015701787848732229,771.39999999999998,0.015839203818146366,771.39999999999998,0.016449310376982614
772.10000000000002,0.015539024948500801,772.10000000000002,0.015956189652687709,772.10000000000002,0.016381492501886186
772.79999999999995,0.015296576045031068,772.79999999999995,0.015718827089850205,772.79999999999995,0.015809279180760069
773.60000000000002,0.015898459686511872,773.60000000000002,0.015762908708662884,773.60000000000002,0.016082246128023194
774.29999999999995,0.016095131524291515,774.29999999999995,0.015897696735417039,774.29999999999995,0.015870315268346858
775,0.01617312208065241,775,0.015549282402109137,775,0.016254333986080383
775.70000000000005,0.016084111119588348,775.70000000000005,0.015392453565948644,775.70000000000005,0.015945762654391633
776.5,0.015896764239634462,776.5,0.015188999940659358,776.5,0.016021210040436409
777.20000000000005,0.016074786161762583,777.20000000000005,0.01551537346456092,777.20000000000005,0.015825385926095472
777.89999999999998,0.015962886667853483,777.89999999999998,0.015834965200952841,777.89999999999998,0.015872858438662974
778.60000000000002,0.016150233547807365,778.60000000000002,0.016097759466951498,778.60000000000002,0.015819451862024533
779.39999999999998,0.01561447233454558,779.39999999999998,0.016281715453150564,779.39999999999998,0.015666013919618867
780.10000000000002,0.015476293414036607,780.10000000000002,0.015541652891160785,780.10000000000002,0.015705856921238017
780.79999999999995,0.015176199316734912,780.79999999999995,0.01533480837211668,780.79999999999995,0.015904224205895073
781.5,0.015269448894992498,781.5,0.014927053398099403,781.5,0.016432355908208511
782.20000000000005,0.015388130176411248,782.20000000000005,0.015322092520536099,782.20000000000005,0.016523910039588686
783,0.01545001398743674,783,0.015056755084221322,783,0.016639200427252615
783.70000000000005,0.015523765926604104,783.70000000000005,0.014981307698176544,783.70000000000005,0.016387426565957122
784.39999999999998,0.015363546196688792,784.39999999999998,0.01525427464543967,784.39999999999998,0.016261963497028731
785.10000000000002,0.015058365758754863,785.10000000000002,0.015534871103651142,785.10000000000002,0.016106830107745648
785.89999999999998,0.015000720564922899,785.89999999999998,0.015812924391546503,785.89999999999998,0.016000016954468774
786.60000000000002,0.014876105219433212,786.60000000000002,0.015322940243974804,786.60000000000002,0.01583301543704382
787.29999999999995,0.015522918203165398,787.29999999999995,0.01500419623102159,787.29999999999995,0.015994930613836549
788,0.015475445690597901,788,0.014923662504344579,788,0.015574459788238688
788.70000000000005,0.015701787848732229,788.70000000000005,0.015052516467027795,788.70000000000005,0.015502403295948732
789.5,0.015552588523520089,789.5,0.015312767562710338,789.5,0.015215025050227616
790.20000000000005,0.015785712469164059,790.20000000000005,0.01549333265515458,790.20000000000005,0.015922874121546589
790.89999999999998,0.015634817697074505,790.89999999999998,0.015712893025779266,790.89999999999998,0.015447301272432884
791.60000000000002,0.015546654459449147,791.60000000000002,0.015918889821384674,791.60000000000002,0.015884726566804848
792.39999999999998,0.015567847545416784,792.39999999999998,0.015701024897637392,792.39999999999998,0.015584632469503153
793.10000000000002,0.015762823936319014,793.10000000000002,0.015774776836804762,793.10000000000002,0.016347583564337975
793.79999999999995,0.016081567949272225,793.79999999999995,0.015596754914676634,793.79999999999995,0.016164475301577618
794.5,0.015799276044183345,794.5,0.015329722031484447,794.5,0.015751633986928106
795.20000000000005,0.015788255639480178,795.20000000000005,0.01507540499987284,795.20000000000005,0.015805888287005253
796,0.015463577562456025,796,0.014758356433797037,796,0.015421021845833017
796.70000000000005,0.015329637259140579,796.70000000000005,0.015037257445131099,796.70000000000005,0.01636623347998949
797.39999999999998,0.015163483465154328,797.39999999999998,0.015222908878207571,797.39999999999998,0.016372167544060425
798.10000000000002,0.015043954460296874,798.10000000000002,0.015487398591083643,798.10000000000002,0.016571382552156188
798.89999999999998,0.015329637259140577,798.89999999999998,0.015668811406966594,798.89999999999998,0.016044098573281453
799.60000000000002,0.015244017191831338,799.60000000000002,0.015772233666488642,799.60000000000002,0.015523596381916367
800.29999999999995,0.015396607410798303,800.29999999999995,0.015677288641353645,800.29999999999995,0.015954239888778685
801,0.015511897798462229,801,0.015647618320998955,801,0.016085637021778017
801.70000000000005,0.015850987173944373,801.70000000000005,0.01538906267219382,801.70000000000005,0.016512889634885515
802.5,0.015875571153666827,802.5,0.01585191966972695,802.5,0.015688902452463908
803.20000000000005,0.015528852267236338,803.20000000000005,0.015330569754923154,803.20000000000005,0.015490535167806857
803.89999999999998,0.015635665420513211,803.89999999999998,0.015600145808431456,803.89999999999998,0.015442214931800653
804.60000000000002,0.015421191390520755,804.60000000000002,0.015145766045285385,804.60000000000002,0.015897442418385425
805.39999999999998,0.015572086162610311,805.39999999999998,0.015724761153921143,805.39999999999998,0.016109373278061768
806.10000000000002,0.015294880598153659,806.10000000000002,0.015677288641353641,806.10000000000002,0.015855903969888865
806.79999999999995,0.015709417359680577,806.79999999999995,0.015705263514830918,806.79999999999995,0.015880487949611322
807.5,0.015643294931461559,807.5,0.015506896230173864,807.5,0.016214490984461233
808.20000000000005,0.01543560268897875,808.20000000000005,0.015018607529479581,808.20000000000005,0.016089875638971542
809,0.01543560268897875,809,0.015373803650297127,809,0.016230597729796632
809.70000000000005,0.015118554122902946,809.70000000000005,0.015509439400489981,809.70000000000005,0.015532921339742121
810.39999999999998,0.015419495943643348,810.39999999999998,0.015550977848986545,810.39999999999998,0.015942371760636814
811.10000000000002,0.015538177225062098,811.10000000000002,0.015094054915524357,811.10000000000002,0.015697379686850962
811.89999999999998,0.01653679543585701,811.89999999999998,0.01500250078414418,811.89999999999998,0.016155998067190563
812.60000000000002,0.016430830006018839,812.60000000000002,0.015282249518916949,812.60000000000002,0.016174647982842079
813.29999999999995,0.016157015335317007,813.29999999999995,0.015397539906580875,813.29999999999995,0.0159720420809915
814,0.015756042148809372,814,0.015528937039580207,814,0.015644820833651232
814.70000000000005,0.01601968413824674,814.70000000000005,0.015812924391546503,814.70000000000005,0.015291320159711097
815.5,0.016069699821130358,815.5,0.01583835609470766,815.5,0.015643125386773819
816.20000000000005,0.015917109602163394,816.20000000000005,0.01566881140696659,816.20000000000005,0.015940676313759398
816.89999999999998,0.015941693581885848,816.89999999999998,0.015411103481600161,816.89999999999998,0.016330629095563865
817.60000000000002,0.016263828488593882,817.60000000000002,0.015837508371268953,817.60000000000002,0.015717725049379891
818.39999999999998,0.016179056144723345,818.39999999999998,0.01571204530234056,818.39999999999998,0.015513423700651901
819.10000000000002,0.015872180259912005,819.10000000000002,0.01593584429015878,819.10000000000002,0.014820833651229624
819.79999999999995,0.015386434729533837,819.79999999999995,0.015742563346133956,819.79999999999995,0.015078541576596053
820.5,0.0153330281528954,820.5,0.016146927426396413,820.5,0.015302340564414266
821.29999999999995,0.015219433212108884,821.29999999999995,0.016250349685918462,821.29999999999995,0.015549028085077524
822,0.015449166263998036,822,0.01579512219933369,822,0.015838949501114759
822.70000000000005,0.015585649737629598,822.70000000000005,0.015613709383450743,822.70000000000005,0.015270974797182169
823.39999999999998,0.01569839695497741,823.39999999999998,0.015023693870111814,823.39999999999998,0.015780456583844089
824.10000000000002,0.015718742317506335,824.10000000000002,0.015056755084221322,824.10000000000002,0.015431194527097481
824.89999999999998,0.015476293414036606,824.89999999999998,0.014850758288615921,824.89999999999998,0.015748243093173284
825.60000000000002,0.015706026465925758,825.60000000000002,0.014927053398099403,825.60000000000002,0.015310817798801321
826.29999999999995,0.015206717360528305,826.29999999999995,0.014968591846595965,826.29999999999995,0.015602434661715965
827,0.015477988860914015,827,0.014760051880674446,827,0.015536312233496946
827.79999999999995,0.015466968456210846,827.79999999999995,0.014910946652764,827.79999999999995,0.015547332638200115
828.5,0.01608919746022058,828.5,0.01473970651814552,828.5,0.015649907174283464
829.20000000000005,0.016107847375872099,829.20000000000005,0.014969439570034668,829.20000000000005,0.015876249332417793
829.89999999999998,0.015977297966311473,829.89999999999998,0.014860083246441677,829.89999999999998,0.016222120495409581
830.60000000000002,0.015722980934699867,830.60000000000002,0.015155091003111142,830.60000000000002,0.016149216279680922
831.39999999999998,0.01611802005713656,831.39999999999998,0.01548824631452235,831.39999999999998,0.015512575977213198
832.10000000000002,0.01597814568975018,832.10000000000002,0.01596212371675864,832.10000000000002,0.01569229334621873
832.79999999999995,0.015612776887668168,832.79999999999995,0.015758670091469355,832.79999999999995,0.015471885252155339
833.5,0.015179590210489731,833.5,0.015306833498639401,833.5,0.016030534998262166
834.29999999999995,0.015354221238863036,834.29999999999995,0.014784635860396904,834.29999999999995,0.015720268219696007
835,0.015502572840636473,835,0.015144070598407973,835,0.01610174376711342
835.70000000000005,0.015704331019048348,835.70000000000005,0.015637445639734491,835.70000000000005,0.015910158269966005
836.39999999999998,0.015622101845493924,836.39999999999998,0.015832422030636721,836.39999999999998,0.016039012232649221
837.10000000000002,0.015937454964692316,837.10000000000002,0.015536566550528553,837.10000000000002,0.016230597729796636
837.79999999999995,0.015750955808177144,837.79999999999995,0.015177979535956189,837.79999999999995,0.016323847308054223
838.5,0.016011206903859689,838.5,0.014982155421615252,838.5,0.015924569568423995
839.29999999999995,0.015591583801700535,839.29999999999995,0.015227995218839805,839.29999999999995,0.014981053381144936
840,0.015823012300467097,840,0.015362783245593955,840,0.014833549502810205
840.70000000000005,0.015789951086357588,840.70000000000005,0.015735781558624311,840.70000000000005,0.014785229266803999
841.39999999999998,0.015897611963073169,841.39999999999998,0.015776472283682168,841.39999999999998,0.015375244780142927
842.10000000000002,0.015770453447267362,842.10000000000002,0.015548434678670429,842.10000000000002,0.015456626230258643
842.79999999999995,0.015659401676796966,842.79999999999995,0.015406017140967929,842.79999999999995,0.016050032637352395
843.60000000000002,0.015974754795995357,843.60000000000002,0.014979612251299136,843.60000000000002,0.015693141069657437
844.29999999999995,0.01559243152513924,844.29999999999995,0.015512830294244804,844.29999999999995,0.015620236853928776
845,0.015529699990675045,845,0.015478073633257884,845,0.01551003280689708
845.70000000000005,0.015788255639480178,845.70000000000005,0.015969753227706988,845.70000000000005,0.015775370243211861
846.39999999999998,0.016277392063613168,846.39999999999998,0.015612861660012035,846.39999999999998,0.016276374795486725
847.10000000000002,0.016390987004399685,847.10000000000002,0.015518764358315739,847.10000000000002,0.016289090647067302
847.79999999999995,0.015970516178801832,847.79999999999995,0.015363630969032659,847.79999999999995,0.016449310376982617
848.60000000000002,0.015781473851970533,848.60000000000002,0.015675593194476232,848.60000000000002,0.016053423531107214
849.29999999999995,0.016021379585124149,849.29999999999995,0.015831574307198018,849.29999999999995,0.01559056653357409
850,0.016419809601315668,850,0.015503505336419046,850,0.015716029602502481
850.70000000000005,0.016479150242025047,850.70000000000005,0.01518476132346583,850.70000000000005,0.015892356077753196
851.39999999999998,0.015745869467544912,851.39999999999998,0.014854996905809449,851.39999999999998,0.016129718640590693
852.10000000000002,0.015473750243720491,852.10000000000002,0.01531107211583293,852.10000000000002,0.015991539720081722
852.79999999999995,0.014919339114807187,852.79999999999995,0.015329722031484447,852.79999999999995,0.015659232132109221
853.60000000000002,0.015342353110721159,853.60000000000002,0.015413646651916279,853.60000000000002,0.015917787780914357
854.29999999999995,0.015556827140713615,854.29999999999995,0.01550096216610293,854.29999999999995,0.015530378169426011
855,0.015945084475640664,855,0.015302594881445874,855,0.015700770580605785
855.70000000000005,0.016248569466697185,855.70000000000005,0.015543348338038197,855.70000000000005,0.015115841407899089
856.39999999999998,0.015856921238015315,856.39999999999998,0.015048277849834269,856.39999999999998,0.015167552537660113
857.10000000000002,0.016141756313420311,857.10000000000002,0.015322940243974806,857.10000000000002,0.015326076820698016
857.89999999999998,0.015538177225062098,857.89999999999998,0.015244949687613911,857.89999999999998,0.015520205488161545
858.60000000000002,0.01600527283978875,858.60000000000002,0.01536024007527784,858.60000000000002,0.0157507862634894
859.29999999999995,0.015920500495918213,859.29999999999995,0.015321244797097393,859.29999999999995,0.015724506836889536
860,0.015911175538092452,860,0.015577257275586412,860,0.016341649500267032
860.70000000000005,0.015332180429456697,860.70000000000005,0.015541652891160785,860.70000000000005,0.015989844273204313
861.39999999999998,0.015639904037706737,861.39999999999998,0.01526868594389766,861.39999999999998,0.016093266532726368
862.10000000000002,0.015787407916041472,862.10000000000002,0.014779549519764668,862.10000000000002,0.015310817798801321
862.89999999999998,0.016018836414808033,862.89999999999998,0.014965200952841141,862.89999999999998,0.015505794189703553
863.60000000000002,0.015488161542178481,863.60000000000002,0.014724447496248823,863.60000000000002,0.015016657765570563
864.29999999999995,0.015572086162610311,864.29999999999995,0.014683756771190964,864.29999999999995,0.015229436348685605
865,0.015446623093681916,865,0.014353992353534583,865,0.015586327916380562
865.70000000000005,0.01573993540347397,865.70000000000005,0.014643913769571814,865.70000000000005,0.015642277663335116
866.39999999999998,0.015842509939557322,866.39999999999998,0.014792265371345252,866.39999999999998,0.015583784746064444
867.20000000000005,0.01625874214796165,867.20000000000005,0.015511134847367394,867.20000000000005,0.015727050007205649
867.89999999999998,0.015739087680035263,867.89999999999998,0.015812924391546503,867.89999999999998,0.015819451862024533
868.60000000000002,0.015734849062841741,868.60000000000002,0.015806142604036861,868.60000000000002,0.015643973110212525
869.29999999999995,0.015200783296457365,869.29999999999995,0.01512287751244034,869.29999999999995,0.015194679687698687
870,0.015676356145571071,870,0.015151700109356321,870,0.015464255741206991
870.70000000000005,0.015081254291599908,870.70000000000005,0.015339046989310203,870.70000000000005,0.015662623025864044
871.39999999999998,0.015353373515424328,871.39999999999998,0.015573018658392885,871.39999999999998,0.015515966870968017
872.20000000000005,0.015166874358909151,872.20000000000005,0.015293269923620118,872.20000000000005,0.014852199418461722
872.89999999999998,0.015856921238015312,872.89999999999998,0.01512287751244034,872.89999999999998,0.015397285589549265
873.60000000000002,0.016148538100929952,873.60000000000002,0.015077100446750251,873.60000000000002,0.015953392165339982
874.29999999999995,0.016068852097691651,874.29999999999995,0.015041496062324626,874.29999999999995,0.016371319820621719
875,0.015659401676796962,875,0.01507540499987284,875,0.01600086467790748
875.70000000000005,0.015372023431075845,875.70000000000005,0.015308528945516814,875.70000000000005,0.015499860125632614
876.5,0.015914566431847271,876.5,0.015568780041199357,876.5,0.015764349838508687
877.20000000000005,0.015899307409950575,877.20000000000005,0.015556064189618779,877.20000000000005,0.015655841238354402
877.89999999999998,0.015930673177182674,877.89999999999998,0.015491637208277171,877.89999999999998,0.016050880360791095
878.60000000000002,0.015617015504861694,878.60000000000002,0.015406864864406636,878.60000000000002,0.016207709196951591
879.29999999999995,0.016066308927375535,879.29999999999995,0.015555216466180072,879.29999999999995,0.016268745284538377
880,0.016134126802471963,880,0.015390758119071233,880,0.015879640226172612
880.70000000000005,0.015745869467544908,880.70000000000005,0.015443316972270964,880.70000000000005,0.015699922857167082
881.5,0.015556827140713615,881.5,0.015183065876588419,881.5,0.015656688961793105
882.20000000000005,0.015242321744953926,882.20000000000005,0.014999109890389358,882.20000000000005,0.015238761306511365
882.89999999999998,0.015600061036087588,882.89999999999998,0.014860083246441679,882.89999999999998,0.015387112908284801
883.60000000000002,0.015762823936319014,883.60000000000002,0.015209345303188288,883.60000000000002,0.015291320159711097
884.29999999999995,0.015827250917660622,884.29999999999995,0.015382280884684178,884.29999999999995,0.015685511558709089
885,0.015709417359680577,885,0.015433144291006501,885,0.01542271729271043
885.70000000000005,0.015377957495146782,885.70000000000005,0.015229690665717215,885.70000000000005,0.015493078338122971
886.5,0.015483922924984954,886.5,0.014933835185609047,886.5,0.01591863550435306
887.20000000000005,0.015330484982579284,887.20000000000005,0.015322092520536099,887.20000000000005,0.015710943261870249
887.89999999999998,0.01543729813585616,887.89999999999998,0.014973678187228195,887.89999999999998,0.015872858438662971
888.60000000000002,0.015490704712494597,888.60000000000002,0.014978764527860429,888.60000000000002,0.015749938540050693
889.29999999999995,0.015713655976874106,889.29999999999995,0.014416723887998776,889.29999999999995,0.016281461136118953
890,0.015794189703551113,890,0.014944855590312214,890,0.016385731119079715
890.79999999999995,0.015815382789518752,890.79999999999995,0.015337351542432796,890.79999999999995,0.01604325084984275
891.5,0.015388977899849957,891.5,0.015057602807660027,891.5,0.01593304680281105
892.20000000000005,0.015295728321592364,892.20000000000005,0.014826174308893464,892.20000000000005,0.015721963666573417
892.89999999999998,0.015023609097767943,892.89999999999998,0.014465891847443686,892.89999999999998,0.016439985419156852
893.60000000000002,0.015291489704398836,893.60000000000002,0.014594745810126902,893.60000000000002,0.016319608690860691
894.29999999999995,0.015565304375100666,894.29999999999995,0.014510821189695072,894.29999999999995,0.016060205318616856
895,0.016039181777336962,895,0.014634588811746055,895,0.015823690479218062
895.79999999999995,0.016158710782194417,895.79999999999995,0.014796503988538779,895.79999999999995,0.015721115943134713
896.5,0.016157863058755707,896.5,0.014964353229402439,896.5,0.016223815942286991
897.20000000000005,0.015808601002009103,897.20000000000005,0.015411951205038868,897.20000000000005,0.016161084407822792
897.89999999999998,0.016100217864923747,897.89999999999998,0.015589125403728286,897.89999999999998,0.016362842586234664
898.60000000000002,0.015853530344260489,898.60000000000002,0.015830726583759312,898.60000000000002,0.016310283733034933
899.29999999999995,0.015781473851970533,899.29999999999995,0.015336503818994089,899.29999999999995,0.016065291659249088
900.10000000000002,0.015262667107482857,900.10000000000002,0.015399235353458286,900.10000000000002,0.016011037359171948
900.79999999999995,0.015434754965540044,900.79999999999995,0.014922814780905876,900.79999999999995,0.015980519315378555
901.5,0.015687376550274239,901.5,0.015489094037961053,901.5,0.016241618134499806
902.20000000000005,0.015671269804938836,902.20000000000005,0.015161025067182081,902.20000000000005,0.015887269737120964
902.89999999999998,0.015597517865771472,902.89999999999998,0.015113552554614581,902.89999999999998,0.016032230445139579
903.60000000000002,0.015722980934699867,903.60000000000002,0.015013521188847349,903.60000000000002,0.015827929096411588
904.29999999999995,0.016069699821130354,904.29999999999995,0.015251731475123556,904.29999999999995,0.015957630782533511
905.10000000000002,0.015934911794376203,905.10000000000002,0.015608623042818509,905.10000000000002,0.015472732975594043
905.79999999999995,0.015758585319125492,905.79999999999995,0.015282249518916949,905.79999999999995,0.015544789467883997
906.5,0.015427125454591696,906.5,0.01520171579223994,906.5,0.015794020158863376
907.20000000000005,0.015405932368624061,907.20000000000005,0.015078795893627662,907.20000000000005,0.015858447140204984
907.89999999999998,0.015638208590829331,907.89999999999998,0.015371260479981011,907.89999999999998,0.015703313750921901
908.60000000000002,0.015777235234777004,908.60000000000002,0.015591668574044402,908.60000000000002,0.015573612064799982
909.29999999999995,0.016505429668624907,909.29999999999995,0.015777320007120874,909.29999999999995,0.01555920076634199
910.10000000000002,0.016111238269626918,910.10000000000002,0.015537414273967256,910.10000000000002,0.016037316785771812
910.79999999999995,0.016111238269626918,910.79999999999995,0.015484855420767527,910.79999999999995,0.01590252875901766
911.5,0.015784017022286653,911.5,0.015621338894399088,911.5,0.016124632299958468
912.20000000000005,0.015899307409950575,912.20000000000005,0.015605232149063689,912.20000000000005,0.015265888456549939
912.89999999999998,0.0161875333791104,912.89999999999998,0.015522155252070563,912.89999999999998,0.015678729771199447
913.60000000000002,0.015973059349117948,913.60000000000002,0.015301747158007169,913.60000000000002,0.015521900935038956
914.39999999999998,0.015968820731924415,914.39999999999998,0.015134745640582214,914.39999999999998,0.016001712401346187
915.10000000000002,0.016018836414808033,915.10000000000002,0.015237320176665561,915.10000000000002,0.01589150835431449
915.79999999999995,0.015637360867390624,915.79999999999995,0.015105075320227528,915.79999999999995,0.016086484745216727
916.5,0.015936607241253613,916.5,0.015690852216372928,916.5,0.016132261810906816
917.20000000000005,0.015435602688978747,917.20000000000005,0.015737477005501724,917.20000000000005,0.015767740732263513
917.89999999999998,0.015650076718971204,917.89999999999998,0.015952798758932882,917.89999999999998,0.015621084577367479
918.60000000000002,0.015370327984198438,918.60000000000002,0.015528089316141502,918.60000000000002,0.015716877325941188
919.39999999999998,0.015665335740867901,919.39999999999998,0.015337351542432796,919.39999999999998,0.016058509871739443
920.10000000000002,0.01555597941727491,920.10000000000002,0.015376346820613243,920.10000000000002,0.015688054729025205
920.79999999999995,0.015249951255902276,920.79999999999995,0.015269533667336367,920.79999999999995,0.015314208692556142
921.5,0.015438145859294867,921.5,0.015424667056619447,921.5,0.014953926231106364
922.20000000000005,0.01543560268897875,922.20000000000005,0.015165263684375608,922.20000000000005,0.015414240058323375
922.89999999999998,0.015877266600544237,922.89999999999998,0.015087273128014715,922.89999999999998,0.015909310546527302
923.70000000000005,0.01538219611234031,923.70000000000005,0.014994023549757126,923.70000000000005,0.015605825555470782
924.39999999999998,0.015775539787899598,924.39999999999998,0.015136441087459625,924.39999999999998,0.015885574290243551
925.10000000000002,0.015856073514576609,925.10000000000002,0.015461119164483778,925.10000000000002,0.015759263497876454
925.79999999999995,0.016371489365309466,925.79999999999995,0.015568780041199357,925.79999999999995,0.016553580359943375
926.5,0.016020531861685443,926.5,0.015549282402109134,926.5,0.016050880360791098
927.20000000000005,0.015596670142332765,927.20000000000005,0.015206802132872168,927.20000000000005,0.015876249332417793
927.89999999999998,0.015324550918508345,927.89999999999998,0.015409408034722752,927.89999999999998,0.015705856921238017
928.70000000000005,0.015232149063689462,928.70000000000005,0.015406864864406636,928.70000000000005,0.015660079855547928
929.39999999999998,0.015480532031230133,929.39999999999998,0.015539109720844671,929.39999999999998,0.016020362316997706
930.10000000000002,0.015626340462687453,930.10000000000002,0.015164415960936902,930.10000000000002,0.015841492671430871
930.79999999999995,0.016006968286666159,930.79999999999995,0.015104227596788821,930.79999999999995,0.016533234997414447
931.5,0.015508506904707408,931.5,0.015114400278053285,931.5,0.015899137865262841
932.20000000000005,0.015180437933928436,932.20000000000005,0.015222061154768865,932.20000000000005,0.01580588828700525
933,0.014930359519510356,933,0.01510253214991141,933,0.015112450514144268
933.70000000000005,0.015623797292371337,933.70000000000005,0.01597907818553275,933.70000000000005,0.015326076820698017
934.39999999999998,0.015939150411569732,934.39999999999998,0.016260522367182929,934.39999999999998,0.015452387613065117
935.10000000000002,0.015840814492679912,935.10000000000002,0.016780176835109309,935.10000000000002,0.015726202283766946
935.79999999999995,0.015234692234005578,935.79999999999995,0.015649313767876365,935.79999999999995,0.016095809703042484
936.5,0.015058365758754863,936.5,0.015393301289387347,936.5,0.016006798741978419
937.20000000000005,0.015100751930690132,937.20000000000005,0.01469392945245543,937.20000000000005,0.015860142587082394
938,0.015373718877953258,938,0.015142375151530562,938,0.015961869399727036
938.70000000000005,0.015149072166696339,938.70000000000005,0.015204258962556052,938.70000000000005,0.016073768893636143
939.39999999999998,0.015539872671939509,939.39999999999998,0.015263599603265428,939.39999999999998,0.016429812737892392
940.10000000000002,0.015504268287513884,940.10000000000002,0.01482871747920958,940.10000000000002,0.015902528759017657
940.79999999999995,0.015676356145571071,940.79999999999995,0.01460407076795266,940.79999999999995,0.016055966701423331
941.5,0.015538177225062094,941.5,0.014793113094783957,941.5,0.015688902452463908
942.29999999999995,0.015632274526758392,942.29999999999995,0.015601841255308866,942.29999999999995,0.015850817629256633
943,0.015711960529996696,943,0.015678136364792348,943,0.015232827242440428
943.70000000000005,0.015797580597305936,943.70000000000005,0.015993489483990739,943.70000000000005,0.015387112908284803
944.39999999999998,0.015623797292371337,944.39999999999998,0.015339046989310207,944.39999999999998,0.015178572942363282
945.10000000000002,0.015755194425370666,945.10000000000002,0.015621338894399091,945.10000000000002,0.015596500597645026
945.79999999999995,0.015436450412417453,945.79999999999995,0.014852453735493331,945.79999999999995,0.015810974627637482
946.5,0.01608919746022058,946.5,0.015227995218839805,946.5,0.015894051524630606
947.29999999999995,0.015733153615964328,947.29999999999995,0.014875342268338374,947.29999999999995,0.016276374795486725
948,0.015744174020667499,948,0.015510287123928688,948,0.015995778337275252
948.70000000000005,0.015312682790366473,948.70000000000005,0.015523850698947973,948.70000000000005,0.016292481540822124
949.39999999999998,0.015519951171129932,949.39999999999998,0.015725185015640495,949.39999999999998,0.016003407848223596
